Subreddit                                                                               Total  %_Controversial  %_Upvoted  %_Downvoted
Subreddit            Total  %_Controversial     %_Upvoted           %_Downvoted
news                 182    9.340659340659341   79.67032967032966   15.384615384615385
todayilearned        161    6.211180124223603   80.12422360248448   10.559006211180124
ChapoTrapHouse       147    0.0                 87.75510204081633   10.884353741496598
worldnews            107    12.149532710280374  78.50467289719626   12.149532710280374
trashy               99     8.080808080808081   81.81818181818181   10.1010101010101
The_Donald           86     2.3255813953488373  97.67441860465117   1.1627906976744187
politics             55     1.8181818181818181  85.45454545454545   10.909090909090908
unpopularopinion     47     4.25531914893617    87.23404255319149   4.25531914893617
SquaredCircle        47     2.127659574468085   93.61702127659575   2.127659574468085
pics                 44     2.272727272727273   63.63636363636363   9.090909090909092
AmItheAsshole        33     9.090909090909092   90.9090909090909    0.0
RoastMe              28     0.0                 78.57142857142857   17.857142857142858
videos               26     0.0                 69.23076923076923   23.076923076923077
teenagers            25     0.0                 88.0                4.0
funny                21     0.0                 76.19047619047619   4.761904761904762
AskReddit            18     0.0                 88.88888888888889   5.555555555555555
relationship_advice  17     5.882352941176471   76.47058823529412   5.882352941176471
soccer               16     12.5                50.0                50.0
nfl                  14     0.0                 100.0               0.0
